4
Check term: 0
tensor([[[0.2072, 0.1980, 0.1934, 0.1915, 0.2099],
         [0.2003, 0.1924, 0.1956, 0.1973, 0.2144],
         [0.2068, 0.1986, 0.1923, 0.1909, 0.2115],
         [0.2005, 0.1957, 0.1842, 0.2034, 0.2163]],

        [[0.2075, 0.1979, 0.1920, 0.1922, 0.2104],
         [0.2007, 0.1954, 0.2071, 0.1885, 0.2082],
         [0.2041, 0.1936, 0.1847, 0.2035, 0.2140],
         [0.2014, 0.1996, 0.1896, 0.1969, 0.2125]],

        [[0.2014, 0.1923, 0.1846, 0.2027, 0.2190],
         [0.2011, 0.1952, 0.1901, 0.1985, 0.2151],
         [0.2024, 0.1979, 0.1910, 0.1971, 0.2116],
         [0.2007, 0.1944, 0.1965, 0.1998, 0.2086]],

        [[0.2066, 0.1961, 0.1898, 0.1955, 0.2119],
         [0.2016, 0.1975, 0.1879, 0.1972, 0.2158],
         [0.2000, 0.1991, 0.2031, 0.1914, 0.2064],
         [0.1996, 0.2013, 0.1999, 0.1934, 0.2058]],

        [[0.2026, 0.1956, 0.1954, 0.1970, 0.2094],
         [0.2021, 0.1925, 0.1889, 0.2004, 0.2162],
         [0.2000, 0.2000, 0.1959, 0.1920, 0.2121],
         [0.2058, 0.1962, 0.1854, 0.2001, 0.2124]],

        [[0.2011, 0.1997, 0.1850, 0.1979, 0.2163],
         [0.2032, 0.1939, 0.1997, 0.1912, 0.2120],
         [0.2014, 0.1994, 0.1882, 0.1944, 0.2166],
         [0.2009, 0.1911, 0.1843, 0.2071, 0.2166]],

        [[0.2032, 0.1962, 0.2046, 0.1891, 0.2069],
         [0.2003, 0.1924, 0.1956, 0.1973, 0.2144],
         [0.2001, 0.1944, 0.1882, 0.1983, 0.2190],
         [0.2061, 0.1930, 0.1935, 0.1910, 0.2165]],

        [[0.2060, 0.1922, 0.1940, 0.1938, 0.2140],
         [0.2021, 0.1953, 0.1948, 0.1937, 0.2141],
         [0.2023, 0.1980, 0.2030, 0.1890, 0.2077],
         [0.2038, 0.1970, 0.1882, 0.1955, 0.2156]],

        [[0.2050, 0.1943, 0.1875, 0.1976, 0.2156],
         [0.1983, 0.1951, 0.2059, 0.1913, 0.2094],
         [0.2000, 0.1954, 0.2036, 0.1900, 0.2110],
         [0.2023, 0.2009, 0.1889, 0.1972, 0.2107]],

        [[0.2015, 0.1980, 0.1926, 0.1972, 0.2106],
         [0.1996, 0.1932, 0.1881, 0.2008, 0.2183],
         [0.2014, 0.1964, 0.1979, 0.1901, 0.2141],
         [0.2055, 0.1892, 0.1994, 0.1908, 0.2151]]], device='cuda:0',
       grad_fn=<IndexBackward0>)
